0.000040
0.000499
0.001005
0.001002
0.001154
0.001264
0.001498
0.001606
0.001829
0.001905
0.001890
0.002372
0.003216
0.003682
0.003752
0.003854
0.003155
0.003844
0.004011
0.004972
0.005309
0.005055
0.006610
0.005629
0.006453
0.005825
0.006034
0.005755
0.007096
0.007687
0.007642
0.008083
0.008333
0.008086
0.009021
0.010337
0.009593
0.009093
0.009199
0.010082
0.009996
0.010420
0.010468
0.010505
0.009728
0.011703
0.012328
0.013589
0.010716
0.013058
0.011694
0.013213
0.012768
0.013545
0.014810
0.013680
0.012908
0.013340
0.015634
0.013398
0.014796
0.014530
0.015166
0.014325
0.018523
0.016308
0.016906
0.018303
0.017808
0.017397
0.017227
0.015435
0.018657
0.018937
0.018345
0.015217
0.018946
0.018475
0.022839
0.019053
0.017941
0.019926
0.018994
0.021778
0.021082
0.020920
0.020838
0.020767
0.021919
0.018770
0.021469
0.022504
0.019974
0.024794
0.021222
0.020925
0.025298
0.022570
0.025317
0.023811
0.022578
0.026231
0.025609
0.025411
0.027461
0.029149
0.023767
0.030619
0.026052
0.031782
0.025742
0.029126
0.029639
0.031140
0.032796
0.031854
0.034109
0.030641
0.032197
0.034221
0.030033
0.033320
0.035515
0.033496
0.035249
0.030866
0.034861
0.037825
0.038112
0.038820
0.036006
0.036035
0.032274
0.038151
0.037459
0.040596
0.037678
0.040394
0.039555
0.038271
0.040202
0.039445
0.039008
0.040863
0.042576
0.041853
0.039636
0.040217
0.039673
0.046956
0.044602
0.043827
0.041794
0.048189
0.050658
0.043755
0.049194
0.048177
0.043568
0.048364
0.049540
0.050043
0.050405
0.046721
0.047021
0.054854
0.045493
0.048085
0.049481
0.053957
0.047870
0.049539
0.050944
0.053081
0.047971
0.042992
0.054665
0.049293
0.053797
0.058716
0.043228
0.046430
0.053914
0.054124
0.052610
0.049301
0.054787
0.049951
0.048547
0.052939
0.057340
0.056027
0.053296
0.057558
0.058404
0.060508
0.052301
0.058243
0.057009
0.054905
0.064506
0.061527
0.062828
0.065328
0.064017
0.048317
0.062261
0.053207
0.056165
0.064314
0.067668
0.067648
0.056758
0.060248
0.067999
0.062903
0.059239
0.070706
0.072170
0.062251
0.072657
0.069491
0.066137
0.069421
0.070900
0.068353
0.067451
0.069243
0.070506
0.065181
0.073476
0.074551
0.075317
0.071764
0.068342
0.074076
0.066918
0.063729
0.069358
0.075879
0.058266
0.072740
0.076113
0.073021
0.063354
0.069580
0.073120
0.076912
0.070981
0.072535
0.087823
0.082182
0.076956
0.078696
0.081799
0.069486
0.069390
0.075520
0.083301
0.090699
0.072557
0.086597
0.072097
0.061364
0.091480
0.082271
0.080367
0.082653
0.078422
0.086023
0.086077
0.083406
0.080446
0.080389
0.093294
0.090775
0.085847
0.074349
0.080900
0.096106
0.097918
0.091991
0.091821
0.092224
0.097459
0.093659
0.090347
0.080939
0.090434
0.073616
0.079003
0.074290
0.087633
0.092586
0.093344
0.090672
0.097744
0.093768
0.088764
0.093314
0.091223
0.086994
0.100129
0.087796
0.100552
0.087380
0.100198
0.075760
0.083353
0.077611
0.094295
0.103983
0.098547
0.084300
0.107649
0.107306
0.106529
0.086740
0.100318
0.102641
0.111392
0.106172
0.106403
0.114190
0.102613
0.090997
0.102459
0.108943
0.103995
0.098894
0.111885
0.109468
0.106741
0.098799
0.107689
0.108105
0.097477
0.102860
0.090705
0.114656
0.102883
0.105165
0.122044
0.124740
0.106488
0.116735
0.128952
0.101055
0.114017
0.114518
0.123213
0.082766
0.131737
0.100140
0.096799
0.110800
0.122002
0.121123
0.128840
0.115272
0.093312
0.115120
0.115517
0.113732
0.122530
0.120517
0.134471
0.109174
0.130057
0.132673
0.119471
0.119136
0.119775
0.119213
0.122290
0.126930
0.117436
0.120114
0.110367
0.116481
0.136067
0.103811
0.124919
0.128555
0.120967
0.113984
0.137060
0.141344
0.139073
0.138978
0.103933
0.128334
0.139597
0.136813
0.112919
0.114006
0.149444
0.119861
0.131580
0.132338
0.139360
0.141957
0.114646
0.141387
0.155602
0.145073
0.119509
0.133358
0.133302
0.137624
0.146330
0.156173
0.146205
0.143181
0.162427
0.137800
0.134330
0.120616
0.141272
0.150057
0.157037
0.171385
0.149451
0.156698
0.148184
0.166526
0.163949
0.145947
0.152518
0.149053
0.158414
0.152895
0.146554
0.151991
0.168689
0.155225
0.154380
0.163337
0.163968
0.153557
0.160307
0.166348
0.160020
0.128844
0.159669
0.144375
0.148997
0.165842
0.166798
0.170505
0.155913
0.149047
0.165956
0.145586
0.142760
0.160520
0.159252
0.146713
0.183222
0.157414
0.164925
0.174006
0.186039
0.159987
0.177530
0.152746
0.144689
0.178995
0.184995
0.167160
0.168689
0.161252
0.155987
0.184617
0.141172
0.182245
0.171316
0.184383
0.155937
0.179883
0.174592
0.176496
0.156051
0.179950
0.150398
0.189163
0.191091
0.184570
0.187991
0.172329
0.183941
0.182258
0.189548
0.184636
0.198633
0.178181
0.160087
0.214236
0.148917
0.161426
0.186894
0.193551
0.198043
0.171835
0.181165
0.182187
0.187503
0.180250
0.187969
0.190483
0.204974
0.194445
0.168300
0.186698
0.216543
0.200481
0.198245
0.193006
0.196736
0.182583
0.227314
0.156954
0.169661
0.189475
0.170165
0.201380
0.156045
0.202410
0.205783
0.204228
0.214900
0.216829
0.163081
0.225961
0.174738
0.201379
0.213242
0.216900
0.199917
0.197261
0.186379
0.185665
0.209800
0.223056
0.241913
0.238370
0.218340
0.208995
0.173684
0.212831
0.185247
0.172689
0.178995
0.189692
0.181179
0.199880
0.259808
0.211014
0.216374
0.193181
0.163585
0.221519
0.218630
0.217157
0.183677
0.210461
0.205986
0.207505
0.236042
0.209666
0.188352
0.179804
0.194157
0.227266
0.237108
0.244372
0.220537
0.206635
0.221865
0.199506
0.229036
0.201693
0.202352
0.211248
0.232039
0.231467
0.245975
0.219012
0.189283
0.233142
0.254454
0.241719
0.234636
0.213547
0.256308
0.220795
0.228817
0.219368
0.227282
0.219797
0.271713
0.217906
0.243210
0.247849
0.241659
0.232689
0.235231
0.200277
0.213182
0.166400
0.261138
0.241290
0.216701
0.268745
0.188925
0.246663
0.258776
0.246256
0.219360
0.264557
0.243483
0.292993
0.238175
0.265429
0.213276
0.277555
0.299570
0.247922
0.261188
0.218975
0.260638
0.249699
0.236291
0.238634
0.273708
0.233740
0.234083
0.252420
0.289449
0.300753
0.257364
0.284415
0.253448
0.269879
0.244083
0.262148
0.254128
0.254045
0.253738
0.285642
0.284097
0.262432
0.305419
0.278257
0.260066
0.271679
0.272318
0.285795
0.247824
0.273080
0.303237
0.250810
0.244952
0.257941
0.308045
0.268425
0.292369
0.250869
0.343475
0.315370
0.257505
0.300012
0.309008
0.284054
0.301310
0.295613
0.281836
0.287225
0.271124
0.291060
0.290803
0.292944
0.250506
0.326332
0.247251
0.270402
0.237894
0.263974
0.305949
0.296942
0.290498
0.300076
0.321098
0.279398
0.311787
0.298482
0.310964
0.350479
0.318264
0.292844
0.356379
0.328471
0.310069
0.353391
0.261038
0.318248
0.319346
0.363524
0.269120
0.345602
0.348434
0.321536
0.360894
0.323259
0.278620
0.331584
0.301586
0.352300
0.365169
0.305501
0.360623
0.322715
0.312960
0.303657
0.301105
0.299891
0.358995
0.367190
0.335744
0.351953
0.292465
0.335148
0.327196
0.354441
0.386697
0.325400
0.331623
0.251985
0.328861
0.282481
0.338806
0.351214
0.328895
0.331064
0.341684
0.350340
0.332118
0.338910
0.347442
0.341310
0.349625
0.289107
0.368437
0.338369
0.318724
0.289622
0.296482
0.345086
0.338331
0.339298
0.421077
0.350747
0.403415
0.305054
0.381706
0.375479
0.361090
0.409575
0.376627
0.299176
0.331360
0.377833
0.346667
0.358044
0.350049
0.331235
0.412556
0.365557
0.409162
0.371320
0.314584
0.373382
0.391688
0.348558
0.420158
0.332150
0.383216
0.321179
0.313064
0.361797
0.381805
0.332352
0.359015
0.427485
0.335004
0.338644
0.418848
0.398360
0.431077
0.334113
0.436327
0.396527
0.342014
0.392704
0.384312
0.423681
0.304949
0.345051
0.402965
0.400205
0.425177
0.436314
0.457049
0.436605
0.402466
0.422567
0.403204
0.381239
0.387455
0.345236
0.376839
0.417237
0.350387
0.403850
0.437024
0.426879
0.429139
0.349796
0.401071
0.402633
0.424004
0.452510
0.450389
0.423870
0.415576
0.344939
0.376232
0.493216
0.443614
0.447180
0.409106
0.436378
0.371753
0.472656
0.466813
0.417821
0.381454
0.366313
0.433405
0.413948
0.415088
0.401118
0.402513
0.414270
0.395487
0.451657
0.396322
0.492227
0.477729
0.383979
0.496542
0.355645
0.467528
0.443378
0.317316
0.489025
0.425001
0.425642
0.535377
0.501344
0.377080
0.474464
0.496231
0.399311
0.472118
0.451609
0.368958
0.470044
0.407884
0.487219
0.338137
0.463788
0.478452
0.550701
0.545897
0.463236
0.429635
0.494208
0.461467
0.433562
0.448227
0.487614
0.455291
0.559329
0.498987
0.409619
0.500679
0.478266
0.405107
0.424862
0.482955
0.486022
0.529173
0.474582
0.430633
0.624722
0.523609
0.579136
0.589440
0.387381
0.493755
0.493724
0.552283
0.466968
0.546034
0.445490
0.461950
0.510177
0.570429
0.529589
0.395209
0.452152
0.544355
0.451181
0.422169
0.493442
0.617194
0.493574
0.520385
0.522638
0.469975
0.534939
0.509692
0.652304
0.494454
0.536970
0.577755
0.541252
0.546740
0.521017
0.383257
0.529304
0.510640
0.521405
0.610157
0.589685
0.483300
0.527260
0.547627
0.521262
0.585588
0.470610
0.448128
0.517837
0.630466
0.659934
0.475607
0.546407
0.602783
0.499154
0.619966
0.538298
0.552932
0.538701
0.633994
0.516204
0.537674
0.602079
0.544052
0.711013
0.622392
0.628026
0.646313
0.587615
0.630144
0.555991
0.546610
0.548327
0.540729
0.602590
0.638947
0.589299
0.540792
0.496730
0.654613
0.515632
0.556950
0.538380
0.592080
0.665424
0.540539
0.515290
0.507377
0.654822
0.666896
0.619298
0.583648
0.607246
0.652188
0.568852
0.515418
0.684270
0.533227
0.769150
0.523506
0.550936
0.737021
0.676180
0.549301
0.734146
0.606015
0.531946
0.626855
0.716260
0.696172
0.612660
0.676780
0.596538
0.558989
0.749054
0.654268
0.586147
0.581614
0.591642
0.691698
0.634679
0.682211
0.596788
0.670117
0.703424
0.851606
0.675100
0.751447
0.515005
0.825336
0.666104
0.780819
0.670293
0.747165
0.761553
0.673899
0.704448
0.611609
0.686152
0.679200
0.725051
0.755976
0.657497
0.571715
0.632261
0.789603
0.547049
0.812378
0.712251
0.878587
0.764021
0.687571
0.570960
0.708051
0.699951
0.799227
0.740598
0.817238
0.831691
1.057666
0.702827
0.717273
0.571018
0.683966
0.700237
0.719487
0.841046
0.837243
0.744998
0.861248
0.803414
0.694552
0.692596
0.639839
0.681328
0.664555
0.621482
0.786045
0.782717
0.674752
0.892838
0.881527
0.779365
0.801711
0.936310
0.691484
0.694642
0.865663
0.652089
0.722914
0.768007
0.739242
0.677099
0.708507
0.685655
0.697071
0.664600
0.750711
0.762905
0.611031
0.683750
0.742009
0.726676
1.263157
0.932652
0.763421
0.671597
0.835254
0.817242
0.738738
0.777865
0.819772
0.890855
0.911531
0.699799
0.725330
0.814833
0.753015
0.952717
0.850037
0.755289
0.947376
0.928631
0.802343
0.764811
0.905546
0.772858
0.843586
1.281048
0.929788
0.757297
0.820811
0.808209
0.808416
0.992310
0.955032
0.824938
0.901330
0.766755
1.016422
0.888646
0.834199
0.660834
0.893840
0.923802
0.845063
0.937553
1.019883
0.994143
0.816650
0.812378
0.916855
0.821254
0.949180
1.011324
1.111481
1.138838
0.849331
1.051683
1.028580
1.010250
0.815580
1.132296
0.868221
0.952658
0.937197
0.945078
0.953926
0.887512
0.769985
0.923330
1.150958
0.693398
0.930374
1.177499
0.810255
0.800384
0.911148
0.851388
0.989369
1.007723
1.192453
0.925207
1.030291
0.862429
0.975379
1.057580
0.985308
0.997335
1.027916
1.069089
1.070927
1.034996
1.209203
1.042654
1.082691
0.877288
1.186878
0.915978
1.028583
1.180348
0.904355
1.192789
0.999620
1.001077
0.783838
1.049725
1.077571
1.213599
1.165485
1.280529
1.255224
1.177020
0.869224
1.252105
0.949981
0.705625
0.934961
1.023087
0.964510
0.973518
1.209794
1.126542
1.201708
1.116848
1.053958
1.217303
0.917735
1.325276
1.241122
1.071011
1.594133
1.066678
1.165944
1.112631
1.302784
1.178464
1.043331
1.099720
1.078668
1.161509
1.346017
1.379532
1.262804
1.176134
1.072472
1.163493
1.276539
1.123960
1.269728
1.215102
1.300885
1.026879
1.345973
1.445462
1.404716
1.619404
1.278979
1.488250
1.543682
1.456028
0.927912
1.304886
1.286242
1.709235
1.253775
1.079255
1.055952
1.352242
1.039894
1.278369
1.531244
1.560426
1.811862
1.407720
1.381069
1.586182
2.024061
1.192169
1.312126
1.661522
1.476798
2.073793
1.592979
1.524859
1.516060
1.486732
1.242633
1.595021
1.714169
1.578812
1.773264
1.539700
1.825655
1.635242
1.146812
1.522804
1.461148
1.646098
1.837941
1.404259
2.093414
1.531012
1.570077
2.183622
1.238467
1.273815
1.347596
1.417079
1.549991
2.000462
1.433386
1.394660
1.979931
1.258413
1.640935
1.539333
1.787565
1.965965
1.738229
1.772847
1.610699
2.498055
1.616344
1.717354
2.603570
2.158981
1.968833
1.968144
1.786943
2.059606
1.679933
1.681210
2.223329
1.404029
1.905141
1.850996
1.601129
1.940722
2.121362
1.769307
2.053111
2.032261
2.240450
1.850466
1.831901
1.872365
2.529080
2.411933
2.301764
2.726054
3.053599
2.474260
1.888668
3.531249
2.439953
2.061887
3.493756
1.659096
3.168456
2.696509
2.613137
2.739894
2.732825
4.184069
2.818456
4.758125
1.987361
2.261691
3.774044
2.030085
2.825437
2.729143
3.448488
3.560835
3.063483
6.489038
3.195997
3.151343
4.657707
2.627004
3.854539
3.496523
3.427507
4.357339
5.001796
3.421260
4.832562
4.023025
3.009365
2.224783
4.976460
4.979224
4.305936
4.237598
7.515734
6.086498
8.966154
5.371105
5.606764
5.964918
4.820757
5.904158
4.651821
7.832653
5.393309
12.317386
9.677034
12.821117
8.594271
6.616571
29.764706